   0.0000000e+00  -5.0162663e+00
   1.0000000e-02   5.0930543e+00
   2.0000000e-02  -3.3708225e+00
   3.0000000e-02  -2.0786119e-01
   4.0000000e-02  -1.9192228e+00
   5.0000000e-02  -4.1359369e-01
   6.0000000e-02  -8.3681284e+00
   7.0000000e-02   3.6290547e+00
   8.0000000e-02  -4.5320313e-01
   9.0000000e-02   4.1857895e+00
   1.0000000e-01   1.3491145e+00
   1.1000000e-01  -4.4778999e+00
   1.2000000e-01  -8.7335924e+00
   1.3000000e-01  -1.2510213e+01
   1.4000000e-01  -7.1472198e+00
   1.5000000e-01  -7.4360769e+00
   1.6000000e-01  -5.5327195e+00
   1.7000000e-01  -1.3846865e+01
   1.8000000e-01  -8.7376925e+00
   1.9000000e-01  -1.2564194e+01
   2.0000000e-01  -1.6872306e+01
   2.1000000e-01  -1.2605436e+01
   2.2000000e-01  -1.5777327e+01
   2.3000000e-01  -1.8953201e+01
   2.4000000e-01  -1.2749379e+01
   2.5000000e-01  -1.8738452e+01
   2.6000000e-01  -2.2771462e+01
   2.7000000e-01  -2.2832279e+01
   2.8000000e-01  -2.4983305e+01
   2.9000000e-01  -2.6140980e+01
   3.0000000e-01  -2.6600539e+01
   3.1000000e-01  -3.1866391e+01
   3.2000000e-01  -3.4010174e+01
   3.3000000e-01  -3.1270605e+01
   3.4000000e-01  -2.7185337e+01
   3.5000000e-01  -3.6447194e+01
   3.6000000e-01  -4.0321013e+01
   3.7000000e-01  -3.8821290e+01
   3.8000000e-01  -4.0939978e+01
   3.9000000e-01  -4.1551354e+01
   4.0000000e-01  -3.9769326e+01
   4.1000000e-01  -4.2982644e+01
   4.2000000e-01  -4.5604946e+01
   4.3000000e-01  -4.5922519e+01
   4.4000000e-01  -4.9846385e+01
   4.5000000e-01  -4.8831880e+01
   4.6000000e-01  -5.1359878e+01
   4.7000000e-01  -4.8540142e+01
   4.8000000e-01  -5.0863182e+01
   4.9000000e-01  -4.9631985e+01
   5.0000000e-01  -4.8146894e+01
   5.1000000e-01  -5.1192533e+01
   5.2000000e-01  -4.6575648e+01
   5.3000000e-01  -4.4730047e+01
   5.4000000e-01  -4.8676093e+01
   5.5000000e-01  -4.0244014e+01
   5.6000000e-01  -4.8791074e+01
   5.7000000e-01  -4.3088234e+01
   5.8000000e-01  -4.5377216e+01
   5.9000000e-01  -3.9373377e+01
   6.0000000e-01  -4.0732632e+01
   6.1000000e-01  -3.5590568e+01
   6.2000000e-01  -3.3450245e+01
   6.3000000e-01  -3.2006977e+01
   6.4000000e-01  -3.1813008e+01
   6.5000000e-01  -1.8651369e+01
   6.6000000e-01  -9.4446478e+00
   6.7000000e-01  -4.2399447e+00
   6.8000000e-01  -9.2391070e+00
   6.9000000e-01  -2.4658964e+00
   7.0000000e-01   1.5955357e+00
   7.1000000e-01   9.5391813e+00
   7.2000000e-01   1.2388593e+01
   7.3000000e-01   1.5669446e+01
   7.4000000e-01   2.9801097e+01
   7.5000000e-01   3.3360763e+01
   7.6000000e-01   3.9264606e+01
   7.7000000e-01   6.3523444e+01
   7.8000000e-01   6.3537238e+01
   7.9000000e-01   7.5788797e+01
   8.0000000e-01   8.9160061e+01
