   0.0000000e+00   1.2712334e+02
   1.0000000e-01   2.2081396e+02
   2.0000000e-01   4.0390128e+02
   3.0000000e-01   5.5611214e+02
   4.0000000e-01   6.5403551e+02
   5.0000000e-01   6.7822062e+02
   6.0000000e-01   7.0780726e+02
   7.0000000e-01   6.9371548e+02
   8.0000000e-01   6.3288945e+02
   9.0000000e-01   5.8873715e+02
   1.0000000e+00   5.5596122e+02
   1.1000000e+00   5.0348796e+02
   1.2000000e+00   4.8357083e+02
   1.3000000e+00   4.6008335e+02
   1.4000000e+00   4.3734837e+02
   1.5000000e+00   4.0981883e+02
   1.6000000e+00   4.0141299e+02
   1.7000000e+00   3.6976673e+02
   1.8000000e+00   3.8745658e+02
   1.9000000e+00   3.3792944e+02
   2.0000000e+00   3.5435783e+02
   2.1000000e+00   2.8578961e+02
   2.2000000e+00   2.9974113e+02
   2.3000000e+00   2.7110122e+02
   2.4000000e+00   2.7896365e+02
   2.5000000e+00   2.6918664e+02
   2.6000000e+00   2.0068039e+02
   2.7000000e+00   2.1123899e+02
   2.8000000e+00   2.0163589e+02
   2.9000000e+00   2.3479658e+02
   3.0000000e+00   2.5193859e+02
   3.1000000e+00   2.0805459e+02
   3.2000000e+00   2.2782830e+02
   3.3000000e+00   2.1786043e+02
   3.4000000e+00   1.7973378e+02
   3.5000000e+00   2.0750894e+02
   3.6000000e+00   1.7978942e+02
   3.7000000e+00   2.2588698e+02
   3.8000000e+00   1.9022990e+02
   3.9000000e+00   2.2403040e+02
   4.0000000e+00   1.7790207e+02
   4.1000000e+00   1.9813273e+02
   4.2000000e+00   1.8274172e+02
   4.3000000e+00   1.3944393e+02
   4.4000000e+00   1.6079807e+02
   4.5000000e+00   1.9423673e+02
   4.6000000e+00   1.7918117e+02
   4.7000000e+00   1.5572641e+02
   4.8000000e+00   1.6584037e+02
   4.9000000e+00   1.8429785e+02
   5.0000000e+00   1.5729436e+02
